local library = loadstring(game:HttpGet("https://raw.githubusercontent.com/zxciaz/VenyxUI/main/Reuploaded"))() --someone reuploaded it so I put it in place of the original back up so guy can get free credit.
local venyx = library.new("SARVER", 5013109572)
local themes = {
Background = Color3.fromRGB(24, 24, 24),
Glow = Color3.fromRGB(0, 0, 0),
Accent = Color3.fromRGB(10, 10, 10),
LightContrast = Color3.fromRGB(20, 20, 20),
DarkContrast = Color3.fromRGB(14, 14, 14),  
TextColor = Color3.fromRGB(255, 255, 255)
}
local page = venyx:addPage("TELEPORT", 5012544693)
local section1 = page:addSection("TELEPORT")
section1:addButton("RUN", function()
game.Players.LocalPlayer.Character.HumanoidRootPart.CFrame = CFrame.new(-991.663757, 278.598297, -213.93161, 0.104377948, 5.55013848e-08, -0.994537711, -5.1494311e-08, 1, 5.04018232e-08, 0.994537711, 4.59521949e-08, 0.104377948)
end)
section1:addButton("GREEN", function()
game.Players.LocalPlayer.Character.HumanoidRootPart.CFrame = CFrame.new(-777.684814, 108.249542, -197.559494, 0.995645821, 4.95047914e-08, 0.0932172015, -5.08225888e-08, 1, 1.17628813e-08, -0.0932172015, -1.64492029e-08, 0.995645821)
end)
section1:addButton("YENLLOW", function()
game.Players.LocalPlayer.Character.HumanoidRootPart.CFrame = CFrame.new(-1146.52563, 95.6478729, -197.289703, -0.999968469, 4.5351122e-08, -0.00794036686, 4.55947919e-08, 1, -3.05066372e-08, 0.00794036686, -3.08677173e-08, -0.999968469) 
end)
section1:addButton("BLUE", function()
game.Players.LocalPlayer.Character.HumanoidRootPart.CFrame = CFrame.new(-1089.63257, 97.2495193, -118.494087, 0.998626709, 4.4736943e-08, 0.0523892902, -4.01227389e-08, 1, -8.91270489e-08, -0.0523892902, 8.69026522e-08, 0.998626709)
end)
